0.543694993460822	0.844833449014199	0.982940511503982	0.60219044061065	0.425483118086481	0.118975382673679	0.630572791703042	0.653920421280792	0.0219298228079787	0.766299363331997	0.475235157492277	0.862339211479325	0.746182237657744	0.853371006453131	0.522314781683827	0.811020215616459	0.427062347759695	0.104252997601917	0.48523045694977	0.977769157702234	0.331289642625589	0.885041502041251	0.793291699901326	0.575726948453721	0.897771225532002	0.882402795931734	0.125324791415593	0.903759051181981	0.784027846268716	0.510633605136478
0.314620748221422	0.816526970819136	0.70963870247907	0.361932727456263	0.404338152089687	0.926532588931345	0.985456950514749	0.657729271666528	0.808280550035548	0.75130416218815	0.805320486225532	0.896404903464912	0.117489380198907	0.398117646920762	0.397357100825043	0.138661882869267	0.955372102971021	0.469758776292843	0.838226076700295	0.0935965460059537	0.453251351408243	0.839794385798114	0.373014324844645	0.842344701828773	0.497230128936991	0.0198754228247094	0.3644771752026	0.925105644987009	0.486739211626018	0.38521587987977
0.382040915068017	0.846228364063407	0.175436145519359	0.134920636585675	0.400292883883605	0.593560772481158	0.634278202982618	0.161020904584738	0.179209500791232	0.138864837140935	0.530778140974806	0.189010555411161	0.509022256836494	0.115493808747709	0.47910978255359	0.881899200733092	0.724247033520084	0.219061890891174	0.14105696859946	0.661734944417943	0.7373846381813	0.118155245153682	0.832054705376542	0.499725973621345	0.771303428858631	0.34176488323731	0.676230090282253	0.505292452205831	0.464798012873766	0.310596453716413
0.791539262851844	0.370186850863759	0.858297392360323	0.913813503547356	0.111922643905894	0.883615304924768	0.60045561253082	0.432376826943672	0.165392246853951	0.349319542642626	0.227310331642288	0.660719557448035	0.168831763959386	0.0802809517729943	0.993903639578547	0.923556061690306	0.580891712363774	0.922707906542724	0.73221698741175	0.602772899485439	0.509885654703147	0.410414853697837	0.753834556589773	0.439024887659214	0.0603622294239692	0.766027445694415	0.375758171217492	0.62758180927003	0.13125255159679	0.00355544745321035
0.83917947954026	0.383229531559576	0.909411483043429	0.640558837291562	0.424310773237634	0.424475931087654	0.909186957080075	0.505086084355522	0.181603467162106	0.151340560497478	0.709484975196481	0.941230937873485	0.831111503195807	0.360467620079557	0.604478457779412	0.0127555628361417	0.54025790742078	0.320322632016148	0.691066915983427	0.473817863220927	0.382514191853397	0.12022858999065	0.621863097261786	0.149057083245688	0.262457464904029	0.342803701519393	0.863458491467109	0.71926392682241	0.886391470888295	0.815242445313671
0.680236385926769	0.861334748060102	0.961663080193266	0.658774142295879	0.613545882666124	0.60725738588404	0.570836633882231	0.375332280929957	0.691436563311207	0.496720678257924	0.14863255320485	0.975707125670632	0.928010856738739	0.828905549640201	0.944908646327276	0.377159253042995	0.705441191564081	0.857543808780781	0.0344926197846326	0.356256342496277	0.905483216847227	0.572092522260723	0.394093180849151	0.0282794508957929	0.651069368702479	0.618806404154405	0.291976750986029	0.0239128813596552	0.674557425628767	0.638418458166358
0.416922007301322	0.463909192882959	0.57059970408596	0.675330331309865	0.988061285755543	0.0707635824773016	0.335419921247063	0.480372228085867	0.213763519227956	0.80865225291219	0.658116181223384	0.107935253017744	0.169484428844022	0.214609706276641	0.49044221513849	0.167811688977599	0.00502888330112106	0.259846667655122	0.48885726360846	0.47557844163322	0.965257748969727	0.949390134629152	0.359277961450212	0.756669787984348	0.133603910449774	0.453021162091896	0.133474990584297	0.5749325019969	0.835159638023036	0.448339380701919
0.642889807506085	0.570548219905534	0.562879230350446	0.744557714206159	0.219900778839496	0.924772431183198	0.957139158310899	0.342421402767108	0.298104859773207	0.632868793441147	0.633982547890093	0.178899228022263	0.88373732004521	0.791040323906674	0.437946559772269	0.54022279574486	0.782515778836242	0.878062942706618	0.971390410156509	0.671022018283348	0.628267352552455	0.25638515979688	0.0888524608922825	0.79610623594284	0.638545736824786	0.0101626026279142	0.672650514427429	0.0465344640640383	0.656487934875432	0.244085770261907
0.214081451540123	0.695306808701783	0.176661204694203	0.84217757318696	0.354081077910303	0.642079416141701	0.439923122280153	0.777146440140074	0.768335147059746	0.688401497692848	0.229306251465772	0.746551427132036	0.387862894629115	0.654688314176377	0.772655572388859	0.10166243492783	0.926859573385509	0.188267616829231	0.112451379350698	0.959645196993795	0.132031170054907	0.989865435151316	0.341677003639647	0.29355559441744	0.384943094967874	0.599081167470487	0.202584980871927	0.422531388268483	0.983916976496475	0.803385085996905
0.617270805784742	0.960917273175491	0.513679060375601	0.516657167709074	0.266241879188127	0.104499667897575	0.601542593515676	0.383943862389807	0.501150094646019	0.639570217855257	0.182228015272702	0.04946852253195	0.382569460225602	0.0261464480617988	0.744066567298336	0.0392677458897454	0.00829565739263971	0.759193837349818	0.743213774200817	0.0890842655064104	0.618301778328654	0.349808041044371	0.548670594067366	0.115206746018031	0.7656981256747	0.601568348358472	0.868515198201092	0.467734261291993	0.979789871891285	0.823970887228072
0.67519114584572	0.546312979252437	0.548471915929806	0.151868701454032	0.291498033965174	0.700225073689456	0.720262361570523	0.711556426991232	0.909464806507279	0.729321726243568	0.16635250773645	0.0712848819635339	0.271452923967019	0.785776285897775	0.442904067510999	0.933229111773545	0.824628342666394	0.0316893001122069	0.638541371339421	0.797742459847051	0.383020104064703	0.20852237389343	0.460547461088786	0.375091630987986	0.652915682156136	0.649417450961366	0.751157321899609	0.0226279867559067	0.250153013597979	0.852190649398636
0.601023484608767	0.636576573431727	0.165277442620174	0.380664274287961	0.188389541510827	0.395804328828332	0.678778341671463	0.480933407391951	0.0578529030879383	0.859845708085369	0.149607091618741	0.489125519571328	0.867883142835154	0.922563045272989	0.0530000525100436	0.971591882864217	0.76733586802788	0.642339157082965	0.594182912969943	0.590775746140886	0.991193747568799	0.665827160044803	0.64545237343559	0.82889374505677	0.381489065282516	0.342720632582221	0.419379649992969	0.0650740424646463	0.62457070354219	0.467251755433503
0.346309504003818	0.570892489230996	0.493893038532447	0.821019401441083	0.0228596236256173	0.0849047507770724	0.212759010103203	0.729180222121572	0.436751928242895	0.626955379414573	0.202747397742598	0.849893821239637	0.74150245721089	0.492313130975707	0.0878218441574162	0.360928020047589	0.997136895348686	0.566870912760646	0.49862251273625	0.912196754252076	0.286827284759212	0.97334470672087	0.513520841267514	0.841776581954761	0.300018582740438	0.493299255574885	0.000231065199416736	0.923956335725144	0.728242423153538	0.97069897317612
0.364401368261552	0.927112147047291	0.535117267476248	0.1713643793428	0.449404181948484	0.214478867551072	0.0816233750456651	0.937559238963407	0.572254745571166	0.180591372909388	0.954958901813773	0.997041443878	0.447872730127646	0.834011655118891	0.797985957677618	0.644205403766746	0.227653072058219	0.376409545450067	0.567852659287788	0.101129318887619	0.706191429589364	0.622699821538518	0.814426468563278	0.665238451557799	0.340139555506767	0.70177394525353	0.149463732367703	0.53414286394427	0.498170315267308	0.841244015022289
0.171481076831545	0.863765569817538	0.198807159832174	0.329975281417833	0.243640193394703	0.248798897538397	0.274479407885599	0.517254402550923	0.565067159777179	0.573306546332578	0.0159083388094849	0.00439261258217538	0.709638857830719	0.13135368534335	0.655582372961194	0.0679473020936823	0.919542206194465	0.212548379439868	0.426504251336355	0.293294642967131	0.535205897505445	0.0635378925573686	0.0971832059869966	0.960139975886254	0.918926536712417	0.88780260142949	0.273834301544268	0.366796468997375	0.849828294959274	0.0785482063545127
0.795361567918927	0.169839250866394	0.623168912334087	0.966471986909258	0.868726544739881	0.226653137461408	0.867518386466464	0.903068748626668	0.823816567226359	0.163566156384053	0.957514350171183	0.542607464059079	0.944331282902017	0.75978347118252	0.0323355534464184	0.207911996415632	0.64199930552178	0.792156839532589	0.07623944235383	0.0515882053839337	0.193211038592101	0.373509533241305	0.463713560645511	0.943117892210703	0.456266813303239	0.0550578461561846	0.87242501896288	0.363946179540744	0.190918203621887	0.237598887672087
0.492666912300111	0.178699029167114	0.0263153936543578	0.806292596514217	0.528610767442621	0.703004391018124	0.559357067397456	0.218192642130913	0.126098827482582	0.90605173557551	0.0256922853702279	0.861348176416565	0.174117873471634	0.92573618067275	0.557066829681192	0.0396038467757357	0.105320182975915	0.145443480124611	0.290586653457929	0.504128180597837	0.689435100924171	0.166251535436548	0.589817489604743	0.112699492380728	0.442496952598123	0.0983619505457304	0.601251143911812	0.151373665826451	0.124143787222168	0.817570881268703
0.3546228545481	0.243504367623195	0.318790961250692	0.22218792998221	0.914135168141916	0.754152585217827	0.46462777102732	0.873219340172905	0.30011677753376	0.0773427851333207	0.971110663095709	0.909139024470062	0.244596283964325	0.832707574402226	0.719801554892191	0.469359313223853	0.268160913711683	0.489142450390656	0.561335047322794	0.768375751898677	0.0504550031686729	0.231278078105778	0.187172070539839	0.648287449225586	0.454185819615522	0.649782785472762	0.321188452831265	0.149608598632666	0.00279042132911189	0.405828714806259
0.775061199974026	0.751779355061302	0.53299953441055	0.999773122694756	0.973930177058907	0.547286633863654	0.430300900780404	0.0826929319308535	0.00212202483321056	0.338534650141676	0.297595676758473	0.845350562277612	0.640929124395263	0.259401160852536	0.110408048956958	0.150096722662633	0.763843764539584	0.0128457468737627	0.63333346832172	0.282985376214109	0.184434115699354	0.0522086332938522	0.611330146637951	0.48080405167944	0.94528200918664	0.764070891236327	0.284293074456312	0.350802091637144	0.152952789981843	0.466312220637624
0.236804807064439	0.199134375117022	0.326773737487972	0.0637386974643527	0.58542595866233	0.553483419934252	0.773985920020414	0.465403416570693	0.951107357890273	0.580617547397133	0.525073079219425	0.878872884638524	0.808612509899044	0.21302176736209	0.216647376280279	0.99130692118419	0.805510155575541	0.186612024812195	0.930775859048123	0.225360245794357	0.0456583234773829	0.901756316713514	0.051941981368346	0.0665206919491224	0.219118952550175	0.98795894159784	0.435315805784207	0.335966095668561	0.534160824643418	0.951536218081585
